[LEFT_CAM_2K]
fx=1056.74
fy=1055.66
cx=1104.92
cy=633.495
k1=-0.04006
k2=0.00895282
p1=0.00052586
p2=-0.000447043
k3=-0.00451565

[RIGHT_CAM_2K]
fx=1059.4
fy=1058.69
cx=1093.67
cy=619.005
k1=-0.0450972
k2=0.0146727
p1=-0.000398424
p2=0.000574387
k3=-0.00641497

[LEFT_CAM_FHD]
fx=1056.74
fy=1055.66
cx=960.92
cy=552.495
k1=-0.04006
k2=0.00895282
p1=0.00052586
p2=-0.000447043
k3=-0.00451565

[RIGHT_CAM_FHD]
fx=1059.4
fy=1058.69
cx=949.67
cy=538.005
k1=-0.0450972
k2=0.0146727
p1=-0.000398424
p2=0.000574387
k3=-0.00641497

[LEFT_CAM_HD]
fx=528.37
fy=527.83
cx=638.96
cy=364.7475
k1=-0.04006
k2=0.00895282
p1=0.00052586
p2=-0.000447043
k3=-0.00451565

[RIGHT_CAM_HD]
fx=529.7
fy=529.345
cx=633.335
cy=357.5025
k1=-0.0450972
k2=0.0146727
p1=-0.000398424
p2=0.000574387
k3=-0.00641497

[LEFT_CAM_VGA]
fx=264.185
fy=263.915
cx=334.98
cy=189.87375
k1=-0.04006
k2=0.00895282
p1=0.00052586
p2=-0.000447043
k3=-0.00451565

[RIGHT_CAM_VGA]
fx=264.85
fy=264.6725
cx=332.1675
cy=186.25125
k1=-0.0450972
k2=0.0146727
p1=-0.000398424
p2=0.000574387
k3=-0.00641497

[STEREO]
Baseline=120.026
TY=-0.0999027
TZ=-0.56125
CV_2K=-0.00749318
CV_FHD=-0.00749318
CV_HD=-0.00749318
CV_VGA=-0.00749318
RX_2K=0.00118782
RX_FHD=0.00118782
RX_HD=0.00118782
RX_VGA=0.00118782
RZ_2K=-0.000200891
RZ_FHD=-0.000200891
RZ_HD=-0.000200891
RZ_VGA=-0.000200891

[MISC]
Sensor_ID=0


